JOHN:55000.000000
STAN:2200.000000
SMITH:3699.000000
