MANGO:2.300000
APPLE:4.200000
WATERMELON:2.300000
